  5.6999999E+03  5.6999999E+03  5.6999999E+03  5.6999999E+03  5.6999999E+03 5.6999999E+03  5.6999999E+03  5.6999999E+03  5.6999999E+03  5.6999999E+03 5.6999999E+03  5.6999999E+03  5.6999999E+03  5.6999999E+03  5.6999999E+03 5.6999999E+03  5.6999999E+03  5.6999999E+03  5.6999999E+03  5.6999999E+03 5.6999999E+03  5.6999999E+03  5.6999999E+03  5.6999999E+03  5.6999999E+03 5.6999999E+03  5.6999999E+03  5.6999999E+03  5.6999999E+03  5.6999999E+03 5.6999999E+03  5.6999999E+03  5.6999999E+03  5.6999999E+03
  5.6904524E+03  5.6961935E+03  5.7083892E+03  5.7283091E+03  5.7541966E+03 5.7816737E+03  5.8050441E+03  5.8190822E+03  5.8206868E+03  5.8098697E+03 5.7897245E+03  5.7654106E+03  5.7424724E+03  5.7250738E+03  5.7147341E+03 5.7099807E+03  5.7070344E+03  5.7012927E+03  5.6890970E+03  5.6691777E+03 5.6432896E+03  5.6158131E+03  5.5924421E+03  5.5784046E+03  5.5767995E+03 5.5876165E+03  5.6077617E+03  5.6320756E+03  5.6550145E+03  5.6724125E+03 5.6827521E+03  5.6875056E+03  5.6904524E+03  5.6961935E+03
  5.6739133E+03  5.6830418E+03  5.7049143E+03  5.7420986E+03  5.7912236E+03 5.8437615E+03  5.8885949E+03  5.9155082E+03  5.9184467E+03  5.8974379E+03 5.8585447E+03  5.8118605E+03  5.7682240E+03  5.7357531E+03  5.7173615E+03 5.7100862E+03  5.7064390E+03  5.6973099E+03  5.6754380E+03  5.6382536E+03 5.5891281E+03  5.5365902E+03  5.4917573E+03  5.4648435E+03  5.4619050E+03 5.4829138E+03  5.5218076E+03  5.5684912E+03  5.6121277E+03  5.6445991E+03 5.6629908E+03  5.6702655E+03  5.6739133E+03  5.6830418E+03
  5.6444907E+03  5.6527167E+03  5.6796360E+03  5.7291644E+03  5.7965779E+03 5.8696466E+03  5.9323531E+03  5.9699589E+03  5.9737300E+03  5.9437251E+03 5.8887273E+03  5.8233332E+03  5.7631880E+03  5.7199519E+03  5.6977063E+03 5.6919789E+03  5.6917107E+03  5.6834846E+03  5.6565654E+03  5.6070369E+03 5.5396234E+03  5.4665553E+03  5.4038488E+03  5.3662425E+03  5.3624719E+03 5.3924763E+03  5.4474747E+03  5.5128681E+03  5.5730134E+03  5.6162494E+03 5.6384950E+03  5.6442224E+03  5.6444907E+03  5.6527167E+03
  5.5983269E+03  5.6001853E+03  5.6261676E+03  5.6815743E+03  5.7606869E+03 5.8481967E+03  5.9239280E+03  5.9692800E+03  5.9732311E+03  5.9358900E+03 5.8684021E+03  5.7892513E+03  5.7181894E+03  5.6698489E+03  5.6491667E+03 5.6501567E+03  5.6584268E+03  5.6565678E+03  5.6305861E+03  5.5751794E+03 5.4960662E+03  5.4085564E+03  5.3328251E+03  5.2874732E+03  5.2835220E+03 5.3208631E+03  5.3883504E+03  5.4675018E+03  5.5385637E+03  5.5869036E+03 5.6075865E+03  5.6065964E+03  5.5983269E+03  5.6001853E+03
  5.5342137E+03  5.5240619E+03  5.5427503E+03  5.5969685E+03  5.6804114E+03 5.7754474E+03  5.8586537E+03  5.9083831E+03  5.9118145E+03  5.8691209E+03 5.7933628E+03  5.7061350E+03  5.6304401E+03  5.5831813E+03  5.5697947E+03 5.5828225E+03  5.6048840E+03  5.6150358E+03  5.5963480E+03  5.5421304E+03 5.4586869E+03  5.3636509E+03  5.2804446E+03  5.2307146E+03  5.2272838E+03 5.2699774E+03  5.3457355E+03  5.4329633E+03  5.5086582E+03  5.5559176E+03 5.5693036E+03  5.5562758E+03  5.5342137E+03  5.5240619E+03
  5.4538106E+03  5.4268902E+03  5.4326158E+03  5.4789990E+03  5.5595678E+03 5.6551957E+03  5.7402414E+03  5.7909357E+03  5.7932072E+03  5.7473093E+03 5.6676936E+03  5.5781799E+03  5.5040425E+03  5.4636794E+03  5.4626661E+03 5.4921811E+03  5.5323350E+03  5.5592554E+03  5.5535298E+03  5.5071467E+03 5.4265779E+03  5.3309494E+03  5.2459043E+03  5.1952099E+03  5.1929378E+03 5.2388358E+03  5.3184515E+03  5.4079651E+03  5.4821032E+03  5.5224657E+03 5.5234795E+03  5.4939645E+03  5.4538106E+03  5.4268902E+03
  5.3614079E+03  5.3148132E+03  5.3035676E+03  5.3368425E+03  5.4083794E+03 5.4984128E+03  5.5801630E+03  5.6287252E+03  5.6293624E+03  5.5824118E+03 5.5031472E+03  5.4166531E+03  5.3494340E+03  5.3205788E+03  5.3354686E+03 5.3841257E+03  5.4447692E+03  5.4913640E+03  5.5026090E+03  5.4693347E+03 5.3977966E+03  5.3077638E+03  5.2260136E+03  5.1774513E+03  5.1768141E+03 5.2237647E+03  5.3030294E+03  5.3895229E+03  5.4567426E+03  5.4855972E+03 5.4707080E+03  5.4220515E+03  5.3614079E+03  5.3148132E+03
  5.2632957E+03  5.1966857E+03  5.1668512E+03  5.1838481E+03  5.2419489E+03 5.3215688E+03  5.3958714E+03  5.4398125E+03  5.4385811E+03  5.3925919E+03 5.3173464E+03  5.2382069E+03  5.1818484E+03  5.1672667E+03  5.1993769E+03 5.2673560E+03  5.3482908E+03  5.4149013E+03  5.4447358E+03  5.4277384E+03 5.3696382E+03  5.2900183E+03  5.2157151E+03  5.1717746E+03  5.1730060E+03 5.2189952E+03  5.2942401E+03  5.3733795E+03  5.4297381E+03  5.4443204E+03 5.4122102E+03  5.3442311E+03  5.2632963E+03  5.1966857E+03
  5.1668179E+03  5.0827509E+03  5.0354737E+03  5.0355404E+03  5.0779712E+03 5.1441180E+03  5.2081179E+03  5.2457493E+03  5.2426964E+03  5.1994365E+03 5.1311022E+03  5.0623583E+03  5.0190258E+03  5.0192779E+03  5.0673747E+03 5.1520633E+03  5.2501791E+03  5.3342461E+03  5.3815233E+03  5.3814566E+03 5.3390258E+03  5.2728796E+03  5.2088791E+03  5.1712477E+03  5.1743006E+03 5.2175605E+03  5.2858948E+03  5.3546386E+03  5.3979712E+03  5.3977197E+03 5.3496223E+03  5.2649337E+03  5.1668179E+03  5.0827509E+03
  5.0792515E+03  4.9830916E+03  4.9222388E+03  4.9072626E+03  4.9340492E+03 4.9855399E+03  5.0377881E+03  5.0682860E+03  5.0637382E+03  5.0246602E+03 4.9652406E+03  4.9085238E+03  4.8785239E+03  4.8919433E+03  4.9522885E+03 5.0483828E+03  5.1577764E+03  5.2539366E+03  5.3147894E+03  5.3297656E+03 5.3029787E+03  5.2514880E+03  5.1992404E+03  5.1687419E+03  5.1732897E+03 5.2123683E+03  5.2717876E+03  5.3285044E+03  5.3585046E+03  5.3450846E+03 5.2847397E+03  5.1886457E+03  5.0792521E+03  4.9830916E+03
  5.0067025E+03  4.9060848E+03  4.8377835E+03  4.8118314E+03  4.8250052E+03 4.8623725E+03  4.9027270E+03  4.9260687E+03  4.9205899E+03  4.8868066E+03 4.8374363E+03  4.7930601E+03  4.7750335E+03  4.7980445E+03  4.8648276E+03 4.9648451E+03  5.0773727E+03  5.1779907E+03  5.2462917E+03  5.2722436E+03 5.2590698E+03  5.2217024E+03  5.1813483E+03  5.1580065E+03  5.1634854E+03 5.1972693E+03  5.2466392E+03  5.2910149E+03  5.3090417E+03  5.2860313E+03 5.2192473E+03  5.1192307E+03  5.0067025E+03  4.9060848E+03
  4.9531602E+03  4.8570996E+03  4.7889247E+03  4.7575560E+03  4.7606098E+03 4.7856998E+03  4.8150482E+03  4.8318383E+03  4.8261454E+03  4.7984483E+03 4.7595229E+03  4.7267538E+03  4.7181123E+03  4.7458311E+03  4.8119243E+03 4.9070706E+03  5.0132602E+03  5.1093208E+03  5.1774954E+03  5.2088642E+03 5.2058106E+03  5.1807206E+03  5.1513719E+03  5.1345819E+03  5.1402747E+03 5.1679724E+03  5.2068972E+03  5.2396667E+03  5.2483081E+03  5.2205896E+03 5.1544964E+03  5.0593495E+03  4.9531602E+03  4.8570996E+03 
  4.9198755E+03  4.8376357E+03  4.7775658E+03  4.7469243E+03  4.7440683E+03 4.7594687E+03  4.7793233E+03  4.7905415E+03  4.7854024E+03  4.7643071E+03 4.7356972E+03  4.7131553E+03  4.7106787E+03  4.7377118E+03  4.7956362E+03 4.8768985E+03  4.9670961E+03  5.0493359E+03  5.1094055E+03  5.1400476E+03 5.1429039E+03  5.1275032E+03  5.1076489E+03  5.0964307E+03  5.1015698E+03 5.1226651E+03  5.1512748E+03  5.1738166E+03  5.1762932E+03  5.1492595E+03 5.0913351E+03  5.0100737E+03  4.9198758E+03  4.8376357E+03
  4.9051478E+03  4.8450371E+03  4.8003306E+03  4.7761556E+03  4.7714984E+03 4.7798988E+03  4.7919344E+03  4.7986519E+03  4.7947710E+03  4.7805815E+03 4.7618848E+03  4.7479981E+03  4.7484990E+03  4.7698101E+03  4.8127779E+03 4.8720815E+03  4.9376738E+03  4.9977847E+03  5.0424909E+03  5.0666660E+03 5.0713235E+03  5.0629228E+03  5.0508868E+03  5.0441694E+03  5.0480508E+03 5.0622403E+03  5.0809371E+03  5.0948238E+03  5.0943225E+03  5.0730115E+03 5.0300437E+03  4.9707403E+03  4.9051478E+03  4.8450371E+03
  4.9045526E+03  4.8728218E+03  4.8489847E+03  4.8356974E+03  4.8324790E+03 4.8360684E+03  4.8416888E+03  4.8447963E+03  4.8427107E+03  4.8355844E+03 4.8263695E+03  4.8198053E+03  4.8207539E+03  4.8324623E+03  4.8553305E+03 4.8866090E+03  4.9211344E+03  4.9528658E+03  4.9767020E+03  4.9899896E+03 4.9932083E+03  4.9896186E+03  4.9839979E+03  4.9808907E+03  4.9829760E+03 4.9901029E+03  4.9993175E+03  5.0058817E+03  5.0049334E+03  4.9932247E+03 4.9703568E+03  4.9390786E+03  4.9045526E+03  4.8728218E+03
  4.9115869E+03  4.9115869E+03  4.9115869E+03  4.9115869E+03  4.9115869E+03 4.9115869E+03  4.9115869E+03  4.9115869E+03  4.9115869E+03  4.9115869E+03 4.9115869E+03  4.9115869E+03  4.9115869E+03  4.9115869E+03  4.9115869E+03 4.9115869E+03  4.9115869E+03  4.9115869E+03  4.9115869E+03  4.9115869E+03 4.9115869E+03  4.9115869E+03  4.9115869E+03  4.9115869E+03  4.9115869E+03 4.9115869E+03  4.9115869E+03  4.9115869E+03  4.9115869E+03  4.9115869E+03 4.9115869E+03  4.9115869E+03  4.9115869E+03  4.9115869E+03



